# [1] Distance from Gamma point,
# [2-4] Q-points in cubic reciprocal space, 
# [5-8] 4 band frequencies in meV (becaues of degeneracy), 
# [9-12] 4 dynamic structure factors.
# For degenerate bands, dynamic structure factors are summed.

0.009132  2.970000 -2.970000 2.970000  0.955684 1.669281 19.084649 19.205751  0.000000 668.887414 0.000000 33.722012
0.015219  2.950000 2.950000 -2.950000  1.604373 2.786995 19.127595 19.458743  0.000000 247.612179 0.000000 33.365968
0.021307  2.930000 -2.930000 2.930000  2.248130 3.899175 19.186008 19.820392  0.000000 130.587855 0.000000 32.713691
0.028917  2.905000 -2.905000 2.905000  3.047480 5.280714 19.270583 20.396078  0.000000 74.217535 0.000000 31.603259
0.031961  2.895000 -2.895000 2.895000  3.365485 5.830072 19.304845 20.656047  0.000000 61.967530 0.000000 31.100260
0.036526  2.880000 -2.880000 2.880000  3.840467 6.649973 19.353370 21.068881  0.000000 48.965392 0.000000 30.311983
0.045658  2.850000 -2.850000 2.850000  4.782342 8.271972 19.426791 21.942247  0.000000 33.654305 0.000000 28.706170
0.057833  2.810000 -2.810000 2.810000  6.018491 10.386846 19.436494 23.105067  0.000000 23.561149 0.000000 26.700882
0.080662  2.735000 -2.735000 2.735000  8.256094 14.131256 19.042610 24.890481  0.000000 16.404224 0.000000 23.682634
0.103491  2.660000 -2.660000 2.660000  10.345675 17.414169 18.068620 25.838709  0.000000 15.634594 0.000000 21.107059
0.127842  2.580000 -2.580000 2.580000  12.332771 16.616861 20.063457 25.976290  0.000000 0.000000 20.548733 16.521970
0.152193  2.500000 -2.500000 2.500000  13.534679 15.548262 21.156819 25.813428  0.000000 0.000000 33.904912 6.711221
